<?xml version="1.0"?>
<opencv_storage>
<calibration_Time>"Tue Oct 17 15:01:07 2017"</calibration_Time>
<nrOfFrames>25</nrOfFrames>
<image_Width>640</image_Width>
<image_Height>480</image_Height>
<board_Width>9</board_Width>
<board_Height>6</board_Height>
<square_Size>28.</square_Size>
<FixAspectRatio>1.</FixAspectRatio>
<!-- flags:  +fix_aspectRatio +fix_principal_point +zero_tangent_dist -->
<flagValue>14</flagValue>
<Camera_Matrix type_id="opencv-matrix">
  <rows>3</rows>
  <cols>3</cols>
  <dt>d</dt>
  <data>
    7.2918546495777105e+02 0. 3.1950000000000000e+02 0.
    7.2918546495777105e+02 2.3950000000000000e+02 0. 0. 1.</data>
</Camera_Matrix>
<Distortion_Coefficients type_id="opencv-matrix">
  <rows>5</rows>
  <cols>1</cols>
  <dt>d</dt>
  <data>
    -9.6150262629603425e-02 1.3750862866443919e-01 0. 0.
    -8.7059041917967345e-02</data>
</Distortion_Coefficients>
<Avg_Reprojection_Error>5.0777819062047225e-01</Avg_Reprojection_Error>
<Per_View_Reprojection_Errors type_id="opencv-matrix">
  <rows>25</rows>
  <cols>1</cols>
  <dt>f</dt>
  <data>
    5.85744798e-01 4.87913728e-01 4.14746165e-01 3.82861018e-01
    5.62217712e-01 8.98979843e-01 4.84502703e-01 3.17895889e-01
    2.86991149e-01 3.51212531e-01 3.32345128e-01 7.10080981e-01
    4.82703745e-01 5.63328743e-01 4.79040772e-01 5.42619228e-01
    4.99097049e-01 3.85131627e-01 3.61036032e-01 4.13289845e-01
    4.58131462e-01 6.74972534e-01 5.05510926e-01 5.10471463e-01
    5.57982624e-01</data></Per_View_Reprojection_Errors>
<!-- a set of 6-tuples (rotation vector + translation vector) for each view -->
<Extrinsic_Parameters type_id="opencv-matrix">
  <rows>25</rows>
  <cols>6</cols>
  <dt>d</dt>
  <data>
    7.2852551978262570e-02 -5.4967871569563509e-01
    -1.0023230651954269e-02 -1.8718916911883329e+02
    -5.6295360656066215e+01 4.6779236859129247e+02
    7.9111617847777010e-02 -4.2782972327429097e-01
    1.0895735764187857e-02 -1.6772698039666716e+02
    -5.7084498869892926e+01 4.8026334659182680e+02
    7.9991118106662068e-02 -3.4102940682183558e-01
    1.7599903434023196e-02 -1.5300803067244792e+02
    -5.5671975448234768e+01 4.9272024637375449e+02
    7.7708127001331173e-02 -3.0017248698622773e-01
    2.4809710525866707e-02 -1.4775640857603295e+02
    -5.4176879586773389e+01 4.9441257131922805e+02
    7.4840248757441871e-02 -2.1527219297368630e-01
    2.7785032344485365e-02 -1.3776266780935288e+02
    -5.4507431340857899e+01 4.9910998983314175e+02
    7.7418037039434937e-02 -6.4870765586146420e-02
    6.9298483423056844e-03 -1.1115080760502796e+02
    -5.2117737890339427e+01 5.1351826537500972e+02
    9.8763080207779227e-02 9.2864070061107737e-02 2.0932652710326322e-02
    -6.5125482304385557e+01 -5.2982264410325591e+01
    5.1971744030545312e+02 1.0826516598682415e-01 1.7156730087985836e-01
    4.1083447105256986e-02 -4.5663566123393764e+01
    -4.9820634393999960e+01 5.2399011388981808e+02
    1.1028410573382492e-01 2.4418877942383413e-01 5.1192168214228777e-02
    -3.7881875067222325e+01 -5.0635017361693592e+01
    5.2775193734910113e+02 1.1078951821612891e-01 3.2605230551514619e-01
    6.2600980036621665e-02 -2.9614382715557458e+01
    -4.9431996043309340e+01 5.2880767278290546e+02
    1.0433859756433574e-01 3.8154642349016782e-01 6.9929130347973323e-02
    -1.9521845253658384e+01 -5.0934931723950683e+01
    5.3013633762043764e+02 2.2491603944357685e-01 4.1687068564386975e-01
    9.4755532761766431e-02 -2.0265838911577241e+01
    -4.1601549405796476e+01 5.2891306836035221e+02
    -2.3641604231210192e-01 -8.2804844880307010e-02
    3.7861150546429211e-02 -1.1368848088711638e+02
    3.3179072449324416e+01 6.0254059120329828e+02
    -2.0130554195067699e-01 -8.6843883703845465e-02
    5.9645880066348855e-02 -1.1132887932953899e+02
    1.6233312762963518e+01 5.9911781584476853e+02
    -1.1954037239025821e-01 -1.0066816422676002e-01
    6.2650067517782043e-02 -1.1303382648546373e+02
    -2.5421874798865350e+01 5.8891344571759589e+02
    -5.8425242341057518e-02 -9.9868802591254496e-02
    6.5325496111539302e-02 -1.1441821013941541e+02
    -4.4059433562618807e+01 5.8384586735747973e+02
    8.5563762893527143e-02 -9.7843293118486122e-02
    7.6254635472858392e-02 -1.1370040055612985e+02
    -7.2000676204033184e+01 5.6884579020675642e+02
    1.9920838918853864e-01 -9.9934424614788714e-02
    7.6670533240750877e-02 -1.1334407641333286e+02
    -8.8478762623055374e+01 5.5600964125389771e+02
    4.1671854057996133e-01 -1.0113754909942263e-01
    8.2969671288138480e-02 -1.1237610250078544e+02
    -1.0295788146519503e+02 5.3249896212705357e+02
    5.3865640092568645e-01 -9.7557306158183268e-02
    9.8959973805017518e-02 -1.1030768461055148e+02
    -1.2156969918148569e+02 5.1291940997375002e+02
    6.2417346438998456e-01 -9.4458592228823759e-02
    1.0610731930551331e-01 -1.0966076047283711e+02
    -1.2831416872343675e+02 5.0196303728103607e+02
    1.0005739101097844e+00 -9.9251431740438975e-02
    1.5208851280957969e-01 -1.0829562622862073e+02
    -1.2465569745100245e+02 4.5855652398428674e+02
    6.9931884314839042e-03 2.2799919992710474e-01
    -1.5326235995200512e+00 -1.8479756602768941e+02
    7.0594078921244048e+01 5.3663629337016539e+02 2.3355570985563456e-02
    2.4000438310180008e-01 -1.5262961248113249e+00
    -1.7185067887624416e+02 7.8290055005503092e+01
    5.3773829351501843e+02 3.5187659778272269e-02 2.6365641478486207e-01
    -1.5180423386488300e+00 -1.5979346174731918e+02
    9.3933505159184293e+01 5.4130849656066459e+02</data></Extrinsic_Parameters>
